0.069856 0.093448 0.836695
0.165440 0.138953 0.695607
0.067100 0.073396 0.859503
0.147964 0.086051 0.765985
0.163220 0.098739 0.738042
0.057740 0.054805 0.887456
0.066265 0.110937 0.822798
0.006069 0.027305 0.966626
0.035830 0.067685 0.896485
0.090930 0.148022 0.761048
0.044484 0.061649 0.893868
0.058046 0.049108 0.892847
0.039022 0.019836 0.941142
0.100612 0.102948 0.796440
0.042433 0.002166 0.955401
0.075659 0.174411 0.749930
0.069904 0.051663 0.878434
0.097981 0.080588 0.821431
0.223424 0.095406 0.681169
0.203855 0.147744 0.648401
0.205797 0.141865 0.652338
0.048498 0.107696 0.843806
0.113085 0.053408 0.833507
0.115300 0.108315 0.776385
0.069527 0.063498 0.866975
0.048591 0.084116 0.867293
0.348181 0.092637 0.559182
0.154223 0.073272 0.772505
0.055397 0.074489 0.870114
0.063399 0.086326 0.850275
0.072207 0.108729 0.819064
0.032520 0.099118 0.868361
0.064098 0.083805 0.852097
0.057467 0.099953 0.842580
0.080096 0.004929 0.914975
0.182687 0.149731 0.667582
0.154640 0.087500 0.757859
0.075176 0.164260 0.760564
0.191411 0.106713 0.701877
0.083624 0.112964 0.803412
0.115284 0.075994 0.808722
0.119788 0.139212 0.741000
0.171142 0.078059 0.750799
0.137261 0.099134 0.763605
0.248698 0.091438 0.659865
0.120417 0.083619 0.795963
0.091375 0.082433 0.826192
0.072381 0.102125 0.825494
0.078641 0.089774 0.831585
0.131522 0.121153 0.747325
0.151465 0.082928 0.765608
0.078422 0.074902 0.846676
0.058815 0.036149 0.905036
0.214697 0.073644 0.711659
0.649663 0.053636 0.296701
0.112056 0.102959 0.784985
0.099936 0.098504 0.801560
0.000010 0.018881 0.981109
0.000010 0.234533 0.765457
0.000829 0.076439 0.922733
0.037019 0.273395 0.689586
0.053690 0.185619 0.760691
0.138743 0.258596 0.602661
0.086471 0.214616 0.698913
0.044620 0.203461 0.751920
0.052388 0.212398 0.735215
0.008302 0.113083 0.878615
0.111094 0.180031 0.708874
0.074135 0.235412 0.690452
0.012938 0.310060 0.677002
0.170418 0.268833 0.560749
0.030869 0.230367 0.738764
0.180597 0.330194 0.489209
0.043193 0.206637 0.750171
0.096760 0.407711 0.495529
0.170860 0.114448 0.714693
0.081266 0.111680 0.807054
0.085267 0.069461 0.845272
0.220906 0.101411 0.677683
0.019541 0.014165 0.966294
0.108027 0.114096 0.777877
0.182250 0.099517 0.718233
0.060192 0.011945 0.927863
0.050494 0.066489 0.883018
0.073585 0.106285 0.820130
0.061846 0.136816 0.801338
0.124738 0.107116 0.768146
0.110939 0.122444 0.766616
0.165644 0.204948 0.629409
0.208744 0.172452 0.618804
0.149407 0.178938 0.671655
0.083124 0.142620 0.774255
0.047718 0.095125 0.857158
0.174619 0.107025 0.718356
0.030083 0.036046 0.933871
0.097269 0.084558 0.818173
0.096608 0.069240 0.834151
0.697005 0.062426 0.240569
0.519563 0.042486 0.437951
0.187283 0.129684 0.683033
0.101671 0.065866 0.832462
0.068994 0.278308 0.652699
0.009763 0.216264 0.773972
0.026876 0.179047 0.794076
0.172101 0.256684 0.571215
0.000010 0.114721 0.885269
0.000010 0.252368 0.747622
0.011797 0.077939 0.910264
0.121609 0.273799 0.604593
0.056306 0.217178 0.726516
0.070215 0.211518 0.718267
0.177190 0.278198 0.544611
0.000010 0.000010 0.999980
0.000010 0.314304 0.685686
0.000259 0.230704 0.769037
0.012479 0.210193 0.777328
0.051934 0.177940 0.770126
0.229574 0.100180 0.670247
0.103533 0.132921 0.763546
0.106806 0.139042 0.754152
0.138502 0.126705 0.734793
0.216399 0.105727 0.677875
0.079570 0.040719 0.879711
0.117479 0.087590 0.794931
0.102722 0.109814 0.787464
0.120358 0.042422 0.837219
0.085403 0.128091 0.786506
0.000863 0.560466 0.438671
0.357484 0.197391 0.445125
0.022302 0.375490 0.602208
0.044771 0.179972 0.775257
0.035473 0.345263 0.619264
0.063973 0.349490 0.586537
0.000010 0.240551 0.759439
0.013293 0.146484 0.840223
0.000010 0.105324 0.894666
0.049016 0.267786 0.683198
0.000010 0.240606 0.759384
0.028524 0.207429 0.764047
0.049099 0.189593 0.761309
0.113252 0.196662 0.690086
0.169653 0.277611 0.552736
0.135928 0.247121 0.616950
0.092900 0.220910 0.686191
0.121862 0.483433 0.394705
0.027087 0.273951 0.698962
0.000010 0.215266 0.784724
0.128498 0.273490 0.598012
0.086493 0.260383 0.653124
0.031571 0.342159 0.626270
0.015741 0.203613 0.780646
0.045453 0.179313 0.775234
0.042939 0.088127 0.868935
0.281136 0.268942 0.449922
0.151616 0.142460 0.705924
0.201203 0.103084 0.695713
0.067945 0.077701 0.854354
0.161614 0.161733 0.676653
0.160075 0.121954 0.717972
0.155390 0.132895 0.711716
0.163987 0.128136 0.707877
0.085591 0.069318 0.845090
0.074939 0.167945 0.757116
0.131600 0.152280 0.716120
0.131512 0.130463 0.738025
0.100479 0.238823 0.660698
0.015010 0.193056 0.791934
0.036997 0.493022 0.469981
0.000010 0.065119 0.934871
0.000010 0.000010 0.999980
0.165538 0.204327 0.630135
0.016031 0.372986 0.610983
0.039687 0.541463 0.418850
0.090759 0.246263 0.662978
0.061393 0.209102 0.729505
0.023051 0.356854 0.620095
0.039350 0.347419 0.613231
0.023454 0.374681 0.601865
0.172025 0.352555 0.475420
0.288349 0.294414 0.417237
0.187086 0.288879 0.524036
0.000010 0.137188 0.862802
0.000010 0.127413 0.872577
0.000010 0.108651 0.891339
0.003218 0.074383 0.922399
0.364897 0.252909 0.382194
0.024035 0.318299 0.657666
0.146697 0.101487 0.751816
0.000010 0.072037 0.927953
0.000010 0.103102 0.896888
0.010843 0.158641 0.830516
0.095913 0.382430 0.521658
0.119105 0.355326 0.525569
0.031051 0.326027 0.642922
0.034458 0.305709 0.659833
0.045229 0.176265 0.778506
0.389696 0.213573 0.396731
0.222840 0.301743 0.475417
0.000010 0.699975 0.300015
0.009165 0.455451 0.535383
0.000010 0.667310 0.332680
0.000010 0.999980 0.000010
0.059970 0.422064 0.517966
0.006994 0.608594 0.384412
0.868043 0.007965 0.123992
0.624160 0.092544 0.283297
0.999980 0.000010 0.000010
0.888422 0.000010 0.111568
0.977832 0.000010 0.022158
0.917165 0.000010 0.082825
0.999980 0.000010 0.000010
0.898672 0.000231 0.101097
0.061932 0.736577 0.201491
0.118651 0.568438 0.312911
0.953121 0.000010 0.046869
0.999980 0.000010 0.000010
0.940232 0.000010 0.059758
0.882826 0.000010 0.117164
0.963450 0.001351 0.035199
0.001487 0.899030 0.099484
0.000010 0.795247 0.204743
0.000010 0.999980 0.000010
0.000010 0.781003 0.218987
0.000010 0.999980 0.000010
0.124587 0.728353 0.147060
0.000018 0.999972 0.000010
0.000010 0.999980 0.000010
0.000010 0.834195 0.165795
0.104713 0.665049 0.230239
0.000010 0.757512 0.242478
0.028706 0.679410 0.291883
0.000012 0.999978 0.000010
0.002152 0.801326 0.196522
0.058178 0.840616 0.101206
0.000010 0.868041 0.131949
0.075763 0.707890 0.216348
0.000010 0.805380 0.194610
0.024754 0.613176 0.362071
0.188848 0.696717 0.114435
0.055048 0.869671 0.075281
0.000010 0.999980 0.000010
0.000010 0.930082 0.069908
0.000010 0.956583 0.043407
0.956493 0.000010 0.043497
0.884626 0.007949 0.107425
0.000010 0.999980 0.000010
0.081416 0.605976 0.312608
0.000010 0.653157 0.346833
0.000010 0.999980 0.000010
0.000010 0.666144 0.333846
0.161702 0.567229 0.271069
0.031665 0.838408 0.129927
0.000010 0.999980 0.000010
0.002844 0.691207 0.305949
0.000010 0.813645 0.186345
0.000010 0.730059 0.269931
0.028886 0.746049 0.225065
0.000010 0.809754 0.190236
0.951469 0.000730 0.047801
0.898694 0.000010 0.101296
0.575723 0.000010 0.424267
0.875094 0.000010 0.124896
0.954053 0.000010 0.045937
0.014850 0.759826 0.225324
0.000010 0.940577 0.059413
0.000010 0.916867 0.083123
0.000010 0.800835 0.199155
0.000106 0.851731 0.148163
0.396547 0.316873 0.286580
0.001380 0.857120 0.141500
0.875323 0.000010 0.124667
0.872224 0.000010 0.127766
0.957624 0.000010 0.042366
0.999980 0.000010 0.000010
0.906387 0.000010 0.093603
0.999980 0.000010 0.000010
0.999980 0.000010 0.000010
0.964302 0.000062 0.035636
0.899923 0.000033 0.100043
0.006098 0.666601 0.327301
0.121956 0.579309 0.298735
0.970212 0.000010 0.029778
0.004017 0.870425 0.125558
0.000010 0.942263 0.057727
0.000010 0.999980 0.000010
0.999980 0.000010 0.000010
0.860424 0.000010 0.139566
0.965060 0.000010 0.034930
0.847469 0.000010 0.152521
0.975215 0.004326 0.020459
0.000010 0.935409 0.064581
0.000010 0.970532 0.029458
0.000010 0.999980 0.000010
0.013516 0.671673 0.314811
0.000010 0.550112 0.449878
0.967998 0.002969 0.029033
0.808898 0.021275 0.169827
0.000017 0.999973 0.000010
0.000010 0.864028 0.135962
0.000010 0.811220 0.188770
0.000010 0.999980 0.000010
0.000010 0.966816 0.033174
0.000010 0.999980 0.000010
0.000016 0.999974 0.000010
0.255626 0.622236 0.122138
0.000010 0.999980 0.000010
0.000010 0.690819 0.309171
0.000010 0.942370 0.057620
0.999980 0.000010 0.000010
0.832227 0.000010 0.167763
0.827223 0.000010 0.172767
0.872214 0.000010 0.127776
0.010593 0.819162 0.170245
0.000010 0.771708 0.228282
0.000011 0.999979 0.000010
0.000010 0.906656 0.093334
0.007873 0.626946 0.365182
0.000010 0.907010 0.092980
0.000010 0.850942 0.149048
0.051798 0.792378 0.155824
0.976379 0.000010 0.023611
0.924652 0.000010 0.075338
0.931968 0.000646 0.067385
0.000010 0.628502 0.371488
0.967532 0.000010 0.032458
0.903558 0.001052 0.095390
0.983499 0.000010 0.016491
0.990059 0.000010 0.009931
0.906961 0.000010 0.093029
0.961254 0.000010 0.038736
0.999980 0.000010 0.000010
0.931516 0.000010 0.068474
0.942830 0.000010 0.057160
0.784998 0.000010 0.214992
0.915434 0.000010 0.084556
0.999980 0.000010 0.000010
0.806165 0.000010 0.193825
0.089479 0.494278 0.416243
0.000010 0.873665 0.126325
0.971151 0.004911 0.023938
0.588499 0.000010 0.411491
0.051824 0.578410 0.369766
0.950098 0.000010 0.049892
0.956578 0.000010 0.043412
0.915038 0.002631 0.082330
0.980507 0.000010 0.019483
0.999975 0.000015 0.000010
0.858782 0.000010 0.141208
0.985199 0.000010 0.014791
0.956272 0.000010 0.043718
0.892540 0.003073 0.104387
0.970489 0.000010 0.029501
0.958563 0.000010 0.041427
0.864848 0.000010 0.135142
0.895524 0.000010 0.104466
0.954374 0.000010 0.045616
0.946277 0.002112 0.051611
0.935544 0.000010 0.064446
0.767177 0.000010 0.232813
0.904832 0.000010 0.095158
0.958112 0.000010 0.041878
0.990321 0.006190 0.003490
0.813847 0.000010 0.186143
0.850805 0.000368 0.148828
0.936659 0.003697 0.059644
0.959942 0.005807 0.034251
0.980194 0.004831 0.014975
0.845616 0.000010 0.154374
0.986514 0.000010 0.013476
0.839750 0.000077 0.160173
0.949978 0.000010 0.050012
0.958682 0.006205 0.035113
0.999980 0.000010 0.000010
0.919224 0.000722 0.080054
0.928551 0.000010 0.071439
0.979923 0.001818 0.018260
0.933429 0.004548 0.062024
0.824750 0.000010 0.175240
0.889401 0.000010 0.110589
0.674723 0.215313 0.109964
0.003267 0.022533 0.974201
0.029426 0.188155 0.782418
0.048379 0.227380 0.724241
0.037065 0.236920 0.726016
0.055893 0.515684 0.428423
0.044315 0.276404 0.679281
0.045701 0.569510 0.384789
0.020218 0.307981 0.671802
0.045052 0.448774 0.506173
0.068379 0.568919 0.362702
0.065012 0.486548 0.448439
0.017612 0.300893 0.681494
0.045601 0.443716 0.510683
0.027200 0.262735 0.710065
0.065056 0.175145 0.759799
0.016725 0.000010 0.983265
0.051719 0.553399 0.394882
0.020861 0.458439 0.520700
0.000010 0.261817 0.738173
0.850094 0.000010 0.149896
0.862519 0.024005 0.113476
0.876319 0.000126 0.123555
0.872777 0.002650 0.124573
0.743922 0.010620 0.245459
0.908378 0.005859 0.085763
0.911973 0.009094 0.078933
0.752534 0.000010 0.247456
0.055004 0.515728 0.429268
0.037255 0.562899 0.399846
0.049875 0.382925 0.567201
0.048609 0.623010 0.328381
0.045368 0.437138 0.517494
0.089258 0.480137 0.430605
0.035110 0.322123 0.642768
0.014109 0.593799 0.392092
0.000010 0.934301 0.065689
0.001436 0.885876 0.112688
0.000010 0.976867 0.023123
0.000010 0.958635 0.041355
0.014684 0.602016 0.383300
0.016156 0.831499 0.152345
0.028740 0.730846 0.240414
0.000010 0.818065 0.181925
0.036069 0.664708 0.299223
0.028855 0.498957 0.472188
0.051789 0.336996 0.611215
0.029181 0.252490 0.718328
0.023658 0.478860 0.497482
0.053100 0.645035 0.301865
0.068200 0.454667 0.477134
0.013758 0.750757 0.235485
0.020910 0.728139 0.250952
0.058483 0.512672 0.428844
0.063750 0.589535 0.346715
0.055525 0.347015 0.597460
0.049034 0.369861 0.581105
0.045132 0.472081 0.482786
0.025566 0.336159 0.638275
0.056124 0.446923 0.496953
0.091815 0.423273 0.484913
0.080899 0.399641 0.519460
0.042941 0.269665 0.687395
0.033536 0.329110 0.637354
0.059546 0.423317 0.517137
0.012312 0.715594 0.272094
0.046319 0.659313 0.294368
0.040697 0.562746 0.396558
0.048906 0.612750 0.338344
0.067350 0.405088 0.527562
0.054422 0.284002 0.661577
0.029718 0.271386 0.698896
0.052619 0.451494 0.495886
0.738015 0.008617 0.253368
0.729681 0.001023 0.269296
0.768977 0.000010 0.231013
0.853383 0.005901 0.140716
0.849445 0.000010 0.150545
0.931543 0.009149 0.059308
0.843770 0.000010 0.156220
0.905589 0.001573 0.092838
0.896761 0.024006 0.079233
0.865553 0.006974 0.127473
0.719489 0.000010 0.280501
0.913233 0.000211 0.086556
0.932306 0.005851 0.061843
0.934737 0.000010 0.065253
0.590935 0.093520 0.315545
0.713199 0.004506 0.282295
0.625648 0.000010 0.374342
0.901848 0.000010 0.098142
0.891008 0.005791 0.103200
0.712186 0.002627 0.285187
0.937219 0.001164 0.061617
0.319301 0.443224 0.237475
0.838033 0.000010 0.161957
0.484647 0.000010 0.515343
0.864607 0.000010 0.135383
0.750545 0.005719 0.243736
0.846019 0.005508 0.148472
0.802971 0.000010 0.197019
0.999980 0.000010 0.000010
0.881297 0.000010 0.118693
0.799587 0.002394 0.198019
0.956694 0.006731 0.036576
0.439458 0.416843 0.143700
0.000596 0.607064 0.392340
0.735419 0.000010 0.264571
0.739224 0.022298 0.238478
0.922578 0.016503 0.060919
0.807511 0.007790 0.184699
0.811277 0.001706 0.187017
0.655185 0.000010 0.344805
0.901960 0.036447 0.061593
0.867356 0.000138 0.132505
0.613252 0.000832 0.385916
0.853199 0.012227 0.134574
0.864019 0.000010 0.135971
0.679374 0.000010 0.320616
0.840346 0.000010 0.159644
0.890336 0.000054 0.109611
0.921696 0.005883 0.072421
0.792198 0.001005 0.206797
0.794008 0.002609 0.203383
0.779491 0.032922 0.187587
